LUI ra 10
AUIPC ra 20
JAL ra 30


00000000000000000000 00001 0110111 U
00000000000000000000 00001 0010111 U
00000001111000000000 00001 1101111 UJ
20 5 7


variable register opcode
r = func7 r2 r1 func3 rd opcode
      7    5  5   3    5    7
i = imm rs1 func3 rd opcode
    12   5   3     5    7
sb = imm[11:5] rs2 rs1 func3 imm[4:1] imm[12] opcode
      7:5      5   3    5:2      1    7
uj = imm[20|10:1|11|19:12] rd opcode
      20  10:1  1  8:1      1    7
0000000 00000 00000 000 00001 0110111
0000000 00000 00000 000 00001 0010111
0000000 01010 00000 000 00001 1101111
0000000 01010 01011 000 00001 1100111
0000000 01100 01011 000 10100 1100011
0000000 01100 01011 001 10100 1100011
0000000 01100 01011 100 10100 1100011
0000000 01100 01011 101 10100 1100011
0000000 01100 01011 110 10100 1100011
0000000 01100 01011 111 10100 1100011
0000000 01010 01011 000 00001 0000011
0000000 01010 01011 001 00001 0000011
0000000 01010 01011 010 00001 0000011
0000000 01010 01011 100 00001 0000011
0000000 01010 01011 101 00001 0000011
0000000 01100 01011 000 01010 0100011
0000000 01100 01011 001 01010 0100011
0000000 01100 01011 010 01010 0100011
0000000 01010 01011 000 00001 0010011
0000000 01010 01011 010 00001 0010011
0000000 01010 01011 011 00001 0010011
0000000 01010 01011 100 00001 0010011
0000000 01010 01011 110 00001 0010011
0000000 01010 01011 111 00001 0010011
0000000 01100 01011 000 00001 0110011
0100000 01100 01011 000 00001 0110011
0000000 01100 01011 001 00001 0110011
0000000 01100 01011 010 00001 0110011
0000000 01100 01011 011 00001 0110011
0000000 01100 01011 100 00001 0110011
0000000 01100 01011 101 00001 0110011
0100000 01100 01011 101 00001 0110011
0000000 01100 01011 110 00001 0110011
0000000 01100 01011 111 00001 0110011


F1 D1 E1 E1 E1 W1
   F2 D2 D2 D2 W2
      F3 D3 W3
         F4 W4
            F5